m	Moss-Soil	Moss-Water	Moss-Treehole	Moss-Sediment	Sediment-Water	Sediment-Moss	Sediment-Soil	Sediment-Treehole	Soil-Sediment	Soil-Water	Soil-Moss	Soil-Treehole	Treehole-Soil	Treehole-Moss	Treehole-Water	Treehole-Sediment	Water-Moss	Water-Soil	Water-Sediment	Water-Treehole	Region
m1	17.287966	5.793026407	23.93874	4.37821	9.41938	4.8497854	6.260942	2.6200664	6.3144313	87.2284804	13.0397588	13.73427752	12.773887	23.87293279	6.1955496	3.525493195	5.4685946	11.2767322	9.34517	4.9693776	V4
m2	19.0830389	6.569593234	22.54883	4.0804112	7.49282	3.8458351	12.1864327	1.5832051	3.5800224	71.7137866	7.1865925	13.60211111	18.27717	20.60136796	5.2145192	2.70499691	5.6658643	9.2455798	17.34973	6.4321647	V4
m3	14.7719746	8.516011449	25.02694	3.8223623	8.29254	3.5495125	11.1374742	2.6345938	7.0868324	94.4774535	16.0410993	15.00539685	23.10343	30.15496918	8.7572713	3.686293431	8.3575843	9.6754029	16.24157	5.9974101	V4
m4	11.5995501	2.739690806	37.47688	4.4863959	11.6446	6.5989104	12.3973889	2.1942773	5.0222479	31.1281679	15.9799208	14.55853965	14.05553	8.610860423	1.8658361	2.574666395	6.373999	32.9091818	9.00224	5.2288149	V4
m5	9.479111	5.809355446	14.86912	3.2616837	8.02704	6.328615	4.2516964	0.8306764	15.7567975	35.1853316	7.4873328	8.930928331	11.27607	12.30678679	3.9190668	3.626912509	4.4465128	54.6480815	8.11147	3.5070422	V4
m6	8.5380036	4.263256521	17.66929	5.4358022	7.64514	6.8903176	6.4053659	2.4149881	4.5730856	16.8123803	17.7919228	17.56800179	13.98848069	11.99527903	3.3811347	3.049580701	6.6502325	45.4709733	17.02425	4.3770538	V4
m7	21.9207292	6.75138392	27.69711	4.096813	29.43537989	5.9681368	10.8909539	2.0331406	12.3728615	57.0459972	29.1555504	29.08714488	22.74732	31.67002485	7.0547961	3.782269442	9.8244764	50.7953498	27.57682	8.0787563	V4
m8	15.2505596	2.984895652	16.05279	3.6632998	18.35787	2.7400726	12.9009288	2.3311828	10.4982309	46.9639266	11.0924135	13.04649883	12.80355	23.05866842	2.3778004	2.709277344	3.7894242	63.0739218	25.2116	4.993103	V4
m9	9.4201347	5.393095435	23.21981	6.643715	29.83548	2.9702487	8.9350027	2.95431	15.3269168	50.8264678	14.6583173	14.2011826	27.22072	29.6913311	3.1726845	3.619629844	7.330016	53.4473908	27.34864	7.6631944	V4
m10	12.6512117	3.961506332	18.33367	3.4189907	9.12537	9.1186568	20.604471	1.9634004	6.4860305	31.2599402	20.3887446	10.03020091	11.87902	13.05982732	3.0077259	2.744845288	7.3153534	79.9579135	4.38735	3.9960577	V4
m11	20.044311	4.832475843	23.16391	3.3527712	11.22127	7.0623242	4.4862936	1.5184856	15.9020916	34.6902809	15.5596243	9.300845352	17.14643	30.42573591	3.5305367	3.281244569	8.4700452	61.8147887	8.47411	5.6932037	V4
m12	32.2155548	4.641775491	13.86502	4.1675027	12.59146	6.1382986	5.92716	3.1331346	8.0879512	30.1640024	14.4966345	9.798179413	12.0172	27.43571622	5.4526112	3.372206077	9.1710559	32.9085445	9.2289	5.2547014	V4
m13	19.8531207	4.469896428	19.95818	4.4273822	10.83166	3.2038575	5.3951281	3.013847	6.7762268	45.3045997	15.5399396	10.60792973	17.492	35.97028199	4.3333685	3.229652973	7.6115409	12.5206431	11.82301	4.9188418	V4
m14	13.1242699	2.822649437	10.35398	3.9810079	9.92994	2.7894931	6.2116252	2.9176497	6.4041013	30.2973179	17.7443421	9.162377081	12.52337342	23.12439345	2.2621973	4.95579853	6.2574694	7.6275622	9.76053	5.4792896	V4
m15	14.7578178	3.856323984	21.28028	5.1742936	12.81234	3.6180751	8.4354542	2.9914055	6.8921838	32.8556906	21.9624542	15.43496348	19.9026	28.79729009	3.3646886	3.383708684	8.3480079	15.4178944	10.31415	4.9105591	V4
m16	20.9561806	4.030668454	27.36583	4.3297114	11.7679	4.4095486	9.0334189	1.9349269	7.2134413	35.125881	16.3311126	25.21886031	17.10312	31.6220553	4.2374419	2.684098041	7.1914317	41.65497	12.61836	6.4057139	V4
m17	18.6138784	8.136971964	11.15797	6.7286754	11.17455	3.7942404	7.4221464	2.861615	9.9994016	50.7905151	9.0681754	14.12563792	17.48744	29.37089274	7.771421	6.468801858	4.3432847	49.3285729	6.68536	7.690172	V4
m18	17.5556338	7.153086009	29.0589	4.4	8.70304	3.4615353	9.0922001	3.3762579	7.8888199	33.5403372	22.5688801	20.35869855	19.26012	33.19734875	5.6900567	5.189249725	8.653482	49.2706441	8.03430581	7.6831951	V4
m1	29.1586504	12.2944538	52.3895272	8.4126796	23.0237463	13.6416053	29.6566314	8.1147839	27.3846242	95.5152505	24.0048019	10.5241114	43.4518285	17.6425467	27.8564251	7.4691847	8.4109496	11.3605176	18.1183955	8.9623456	V9
m2	20.7454248	11.7039024	51.5300675	7.9522468	11.4890831	11.6053293	27.8516087	38.9531444	20.2157331	93.9829969	25.5577223	13.3764422	43.3326551	14.0976778	28.6054067	6.4673302	8.2492768	9.5450623	14.4752349	7.7728229	V9
m3	34.1758017	15.1562573	51.7810373	11.1444319	14.2996064	12.7289528	26.6295916	15.9551883	33.1565948	96.8206432	26.7098873	9.7474689	60.9098297	18.1937571	25.6154954	13.2284607	6.9395527	16.8822026	16.6587549	7.9892293	V9
m4	27.9127952	14.6847728	51.728018	12.3867299	14.7550309	11.3483804	13.9624438	14.9347226	25.7196327	32.2197277	16.2868355	13.3974627	18.7546549	19.3578803	16.9663833	8.5938274	15.4198081	11.501222	15.9843036	5.338953	V9
m5	42.0420254	13.1874723	30.5963471	6.9959557	26.0607157	14.8135328	19.3403958	9.3639585	41.3138287	31.9100608	24.6496707	8.533227	54.5540719	18.2168654	25.693199	8.5974294	8.3965703	9.5121805	11.6726295	8.1128552	V9
m6	58.5977905	11.5774453	39.4105112	12.6660229	11.7349962	86.2181473	13.4121089	12.1602572	59.2987153	44.8733195	29.7186228	14.0512852	33.6279888	12.5039375	28.8526947	10.0370975	11.4771494	16.631184	17.5600284	6.5899823	V9
m7	48.7217558	7.0446938	59.9958519	10.4503408	16.4947965	46.000557	18.9900759	33.4685232	45.97309	55.2191496	28.3123383	30.4530931	58.9984866	8.467478	34.5000947	8.1258967	8.7314513	31.137089	31.3905644	11.6073727	V9
m8	23.1249541	10.4461475	22.2970035	4.7863339	9.1966946	45.4343061	8.3738548	18.4007221	21.4436201	68.1799833	21.5536703	18.3696431	37.337344	8.6980015	24.6987288	4.7103398	7.865789	28.0570951	20.142841	12.4796315	V9
m9	24.651142	6.6236841	48.6550342	4.7941542	15.7279756	41.0797058	12.1858455	22.2561229	19.644281	52.352517	40.9037745	17.6160175	51.8743503	9.4620093	28.985184	6.3412374	5.8703743	17.9839667	28.7628243	10.2333684	V9
m10	41.786289	15.0092513	33.7931768	14.755433	15.8895344	95.7716406	14.0803218	16.1855083	42.2894013	54.6361702	15.7898643	17.8049419	34.7112495	12.5510286	15.9005917	13.7960107	17.3443086	20.4371363	35.5651601	8.6048098	V9
m11	55.9584535	9.2385867	36.8533494	12.0759693	57.1744821	79.1920952	11.622128	23.1626788	64.1042645	25.8394549	15.233147	16.8833565	65.5416265	12.6740047	14.6925093	13.1996481	20.951422	8.8513175	8.6906512	10.1405673	V9
m12	15.3372542	12.2484274	48.3225153	10.4646424	12.2796906	93.778368	14.0879985	11.6230609	17.8270077	43.2916463	18.7552143	12.7631946	41.0815546	16.2262539	18.0036738	9.7902486	22.3491248	24.6330034	13.5833863	8.2374565	V9
m13	38.8516532	35.3444416	44.9086493	23.6187237	13.7122285	17.771146	36.2714135	13.4051633	29.9946566	68.5085349	35.5208582	14.558833	71.0618508	50.7309507	29.5996406	11.766893	8.8205881	20.9660456	25.4261458	8.1448855	V9
m14	30.2456973	31.2293981	25.2692167	16.5087715	10.5748302	14.8978572	62.0394174	13.2018073	32.5205088	27.7816135	31.4231959	17.4934151	50.8875493	75.7521283	32.823891	9.7829675	6.7425693	13.4810165	9.3944639	8.6280952	V9
m15	28.9788056	13.7312578	57.0036182	12.9269023	17.7862766	13.9294217	29.4516231	10.9300528	38.7579775	92.8642923	30.2396017	11.496379	60.4291893	28.860346	29.0969562	7.5582138	9.0395606	13.5861255	14.5514211	7.6639757	V9
m16	31.8844125	21.0799809	85.3623253	16.9551363	17.3947683	40.6356681	15.5709954	10.6998221	33.2425236	67.5174887	55.5773335	11.1145099	59.8952928	24.3542675	50.6610918	7.9767266	8.1099423	9.6078526	22.7412741	12.9860304	V9
m17	24.5857455	26.8785443	81.8047429	11.4009473	11.7674653	47.8267632	41.0617185	10.5769123	18.5233274	41.4078708	47.9504176	15.3712173	60.7534354	23.1768883	50.683789	16.1949304	7.2612031	14.5868895	24.9701643	15.6097325	V9
m18	36.6015497	13.1687807	46.0009522	14.7029476	11.267654	39.2690094	38.109176	8.8169234	33.5563231	38.4180027	36.5979067	13.6188171	64.6420264	12.2498177	38.0036868	11.7412042	8.7674839	17.4782064	23.2127149	14.5157278	V9
